0.0    [0.59884 0.      0.     ]    [-0.59884 -0.      -0.     ]    -8.058767658569476
0.07 [0.60066176 0.021      0.        ]   [-0.60066176 -0.021       0.        ] -8.058420499423082
0.14 [0.5990426 0.0418797 0.       ]   [-0.5990426 -0.0418797  0.       ] -8.058502350568492
0.21000000000000002 [0.59400911 0.0625207  0.        ]   [-0.59400911 -0.0625207   0.        ] -8.059021561644924
0.28 [0.58570095 0.08281704 0.        ]   [-0.58570095 -0.08281704  0.        ] -8.060017637310946
0.35000000000000003 [0.57438551 0.10268815 0.        ]   [-0.57438551 -0.10268815  0.        ] -8.06150303716443
0.42000000000000004 [0.56048245 0.12209665 0.        ]   [-0.56048245 -0.12209665  0.        ] -8.063342037542629
0.49000000000000005 [0.54459142 0.14107208 0.        ]   [-0.54459142 -0.14107208  0.        ] -8.065082084799169
0.56 [0.52750853 0.15973878 0.        ]   [-0.52750853 -0.15973878  0.        ] -8.065866640658493
0.6300000000000001 [0.51020695 0.17833925 0.        ]   [-0.51020695 -0.17833925  0.        ] -8.064732401395768
0.7000000000000002 [0.49375141 0.19723545 0.        ]   [-0.49375141 -0.19723545  0.        ] -8.061518102779324
0.7700000000000002 [0.47912885 0.21686385 0.        ]   [-0.47912885 -0.21686385  0.        ] -8.057785059348616
0.8400000000000003 [0.46702404 0.23763184 0.        ]   [-0.46702404 -0.23763184  0.        ] -8.056185392166837
0.9100000000000004 [0.45763045 0.25977936 0.        ]   [-0.45763045 -0.25977936  0.        ] -8.058018537887138
0.9800000000000004 [0.45060292 0.28327    0.        ]   [-0.45060292 -0.28327     0.        ] -8.061802498533256
1.0500000000000005 [0.44518489 0.30777245 0.        ]   [-0.44518489 -0.30777245  0.        ] -8.064893802715432
1.1200000000000006 [0.44043507 0.33273686 0.        ]   [-0.44043507 -0.33273686  0.        ] -8.06586438403714
1.1900000000000006 [0.43543953 0.35751563 0.        ]   [-0.43543953 -0.35751563  0.        ] -8.064973969760135
1.2600000000000007 [0.42944108 0.38147096 0.        ]   [-0.42944108 -0.38147096  0.        ] -8.063201981156928
1.3300000000000007 [0.42188358 0.4040414  0.        ]   [-0.42188358 -0.4040414   0.        ] -8.061378443124342
1.4000000000000008 [0.4124016  0.42476875 0.        ]   [-0.4124016  -0.42476875  0.        ] -8.05992721399191
1.4700000000000009 [0.40078748 0.44330002 0.        ]   [-0.40078748 -0.44330002  0.        ] -8.058967571638599
1.540000000000001 [0.38695599 0.45937871 0.        ]   [-0.38695599 -0.45937871  0.        ] -8.058481755341077
1.610000000000001 [0.37091616 0.47283575 0.        ]   [-0.37091616 -0.47283575  0.        ] -8.058431253264791
1.680000000000001 [0.35275292 0.48358592 0.        ]   [-0.35275292 -0.48358592  0.        ] -8.058810891992975
1.750000000000001 [0.33261801 0.49163315 0.        ]   [-0.33261801 -0.49163315  0.        ] -8.059654142791539
1.8200000000000012 [0.31072824 0.49708655 0.        ]   [-0.31072824 -0.49708655  0.        ] -8.060991706441568
1.8900000000000012 [0.28736797 0.50018755 0.        ]   [-0.28736797 -0.50018755  0.        ] -8.062750917227053
1.9600000000000013 [0.26289122 0.5013452  0.        ]   [-0.26289122 -0.5013452   0.        ] -8.064595463796145
2.030000000000001 [0.23771594 0.50117074 0.        ]   [-0.23771594 -0.50117074  0.        ] -8.065788134950626
2.100000000000001 [0.21230108 0.50049118 0.        ]   [-0.21230108 -0.50049118  0.        ] -8.065329536273433
2.170000000000001 [0.18709763 0.50031    0.        ]   [-0.18709763 -0.50031     0.        ] -8.062684629639984
2.2400000000000007 [0.16247465 0.50168101 0.        ]   [-0.16247465 -0.50168101  0.        ] -8.058841846875337
2.3100000000000005 [0.13864157 0.50549108 0.        ]   [-0.13864157 -0.50549108  0.        ] -8.056321897804423
2.3800000000000003 [0.11560709 0.51221285 0.        ]   [-0.11560709 -0.51221285  0.        ] -8.057120734734351
2.45 [0.09320722 0.52174631 0.        ]   [-0.09320722 -0.52174631  0.        ] -8.060582580124777
2.52 [0.07119372 0.53344263 0.        ]   [-0.07119372 -0.53344263  0.        ] -8.064130262494114
2.59 [0.04933432 0.54629351 0.        ]   [-0.04933432 -0.54629351  0.        ] -8.065798948196191
2.6599999999999997 [0.02747784 0.55917674 0.        ]   [-0.02747784 -0.55917674  0.        ] -8.065393934936727
2.7299999999999995 [0.00557181 0.57105172 0.        ]   [-0.00557181 -0.57105172  0.        ] -8.063790131023975
2.7999999999999994 [-0.01635239  0.58106374  0.        ]   [ 0.01635239 -0.58106374  0.        ] -8.061918436648327
2.869999999999999 [-0.03820612  0.58857128  0.        ]   [ 0.03820612 -0.58857128  0.        ] -8.060327759107926
2.939999999999999 [-0.05986841  0.59312986  0.        ]   [ 0.05986841 -0.59312986  0.        ] -8.059213493097817
3.009999999999999 [-0.0812049   0.59446057  0.        ]   [ 0.0812049  -0.59446057  0.        ] -8.058584910398663
3.0799999999999987 [-0.10208093  0.59242048  0.        ]   [ 0.10208093 -0.59242048  0.        ] -8.058401517381482
3.1499999999999986 [-0.1223715   0.58698272  0.        ]   [ 0.1223715  -0.58698272  0.        ] -8.05864511432158
3.2199999999999984 [-0.1419708   0.57822915  0.        ]   [ 0.1419708  -0.57822915  0.        ] -8.059339237982202
3.2899999999999983 [-0.16080414  0.56635591  0.        ]   [ 0.16080414 -0.56635591  0.        ] -8.06052315267943
3.359999999999998 [-0.17884465  0.55169031  0.        ]   [ 0.17884465 -0.55169031  0.        ] -8.062171226467997
3.429999999999998 [-0.19613645  0.53471512  0.        ]   [ 0.19613645 -0.53471512  0.        ] -8.064048213288052
3.499999999999998 [-0.21282335  0.51609084  0.        ]   [ 0.21282335 -0.51609084  0.        ] -8.065546768971835
3.5699999999999976 [-0.22917711  0.49665868  0.        ]   [ 0.22917711 -0.49665868  0.        ] -8.065702720027705
3.6399999999999975 [-0.24560992  0.47739784  0.        ]   [ 0.24560992 -0.47739784  0.        ] -8.063721305485569
3.7099999999999973 [-0.26264682  0.45931119  0.        ]   [ 0.26264682 -0.45931119  0.        ] -8.060030277527458
3.779999999999997 [-0.28083507  0.44323801  0.        ]   [ 0.28083507 -0.44323801  0.        ] -8.056802994047514
3.849999999999997 [-0.30059556  0.42964625  0.        ]   [ 0.30059556 -0.42964625  0.        ] -8.056497159035692
3.919999999999997 [-0.32206994  0.4185042   0.        ]   [ 0.32206994 -0.4185042   0.        ] -8.05936453621268
3.9899999999999967 [-0.34504413  0.40931101  0.        ]   [ 0.34504413 -0.40931101  0.        ] -8.063169616981062
4.059999999999997 [-0.36899028  0.40127083  0.        ]   [ 0.36899028 -0.40127083  0.        ] -8.065524656809927
4.129999999999997 [-0.39319528  0.39351215  0.        ]   [ 0.39319528 -0.39351215  0.        ] -8.06569803564058
4.1999999999999975 [-0.41690375  0.38525654  0.        ]   [ 0.41690375 -0.38525654  0.        ] -8.064355560654787
4.269999999999998 [-0.43942242  0.37590144  0.        ]   [ 0.43942242 -0.37590144  0.        ] -8.062488339147226
4.339999999999998 [-0.46017245  0.36503337  0.        ]   [ 0.46017245 -0.36503337  0.        ] -8.0607757801027
4.409999999999998 [-0.47870226  0.3524041   0.        ]   [ 0.47870226 -0.3524041   0.        ] -8.059506778676647
4.479999999999999 [-0.49467957  0.33789577  0.        ]   [ 0.49467957 -0.33789577  0.        ] -8.058730997695635
4.549999999999999 [-0.5078777  0.3214891  0.       ]   [ 0.5078777 -0.3214891  0.       ] -8.058412816438949
4.619999999999999 [-0.51816506  0.30323988  0.        ]   [ 0.51816506 -0.30323988  0.        ] -8.05852283156305
4.6899999999999995 [-0.52550281  0.28326451  0.        ]   [ 0.52550281 -0.28326451  0.        ] -8.05907220427971
4.76 [-0.52995332  0.26173281  0.        ]   [ 0.52995332 -0.26173281  0.        ] -8.060101068626572
4.83 [-0.53170031  0.2388659   0.        ]   [ 0.53170031 -0.2388659   0.        ] -8.061616568654873
4.9 [-0.53107977  0.21493538  0.        ]   [ 0.53107977 -0.21493538  0.        ] -8.063467404887593
4.970000000000001 [-0.52861636  0.19025902  0.        ]   [ 0.52861636 -0.19025902  0.        ] -8.06517475186589
5.040000000000001 [-0.52505143  0.16518621  0.        ]   [ 0.52505143 -0.16518621  0.        ] -8.065859519427388
5.110000000000001 [-0.52133716  0.14006641  0.        ]   [ 0.52133716 -0.14006641  0.        ] -8.064577248941855
5.1800000000000015 [-0.51856091  0.11519862  0.        ]   [ 0.51856091 -0.11519862  0.        ] -8.06125999995375
5.250000000000002 [-0.51777386  0.09077274  0.        ]   [ 0.51777386 -0.09077274  0.        ] -8.057586005373658
5.320000000000002 [-0.5197445   0.06683032  0.        ]   [ 0.5197445  -0.06683032  0.        ] -8.056202524082412
5.390000000000002 [-0.52472948  0.0432755   0.        ]   [ 0.52472948 -0.0432755   0.        ] -8.058237514249262
5.460000000000003 [-0.53238522  0.01994093  0.        ]   [ 0.53238522 -0.01994093  0.        ] -8.062053854894259
5.530000000000003 [-0.54187433 -0.00332496  0.        ]   [0.54187433 0.00332496 0.        ] -8.06502807789633
5.600000000000003 [-0.55210043 -0.02659538  0.        ]   [0.55210043 0.02659538 0.        ] -8.065853496382132
5.6700000000000035 [-0.56194832 -0.04984758  0.        ]   [0.56194832 0.04984758 0.        ] -8.064872992035474
5.740000000000004 [-0.57044525 -0.07297994  0.        ]   [0.57044525 0.07297994 0.        ] -8.063076266007606
5.810000000000004 [-0.57682953 -0.09584202  0.        ]   [0.57682953 0.09584202 0.        ] -8.061268506481284
5.880000000000004 [-0.5805541  -0.11826218  0.        ]   [0.5805541  0.11826218 0.        ] -8.059848415674514
5.950000000000005 [-0.58125929 -0.14006727  0.        ]   [0.58125929 0.14006727 0.        ] -8.05892133149188
6.020000000000005 [-0.57873886 -0.16109508  0.        ]   [0.57873886 0.16109508 0.        ] -8.058465275356303
6.090000000000005 [-0.57291223 -0.18120259  0.        ]   [0.57291223 0.18120259 0.        ] -8.05844286979456
6.1600000000000055 [-0.56380816 -0.20027351  0.        ]   [0.56380816 0.20027351 0.        ] -8.058851814829273
6.230000000000006 [-0.55156109 -0.21822798  0.        ]   [0.55156109 0.21822798 0.        ] -8.059727240710451
6.300000000000006 [-0.53641952 -0.23503722  0.        ]   [0.53641952 0.23503722 0.        ] -8.061096854323758
6.370000000000006 [-0.51876394 -0.25074493  0.        ]   [0.51876394 0.25074493 0.        ] -8.06287599327766
6.440000000000007 [-0.49912845 -0.26549565  0.        ]   [0.49912845 0.26549565 0.        ] -8.06470483036854
6.510000000000007 [-0.47821465 -0.27956641  0.        ]   [0.47821465 0.27956641 0.        ] -8.065819464745063
6.580000000000007 [-0.45687777 -0.29338983  0.        ]   [0.45687777 0.29338983 0.        ] -8.065221472390794
6.6500000000000075 [-0.43605981 -0.3075465   0.        ]   [0.43605981 0.3075465  0.        ] -8.062445746728644
6.720000000000008 [-0.41665263 -0.32269815  0.        ]   [0.41665263 0.32269815 0.        ] -8.05860343976398
6.790000000000008 [-0.39930905 -0.33944807  0.        ]   [0.39930905 0.33944807 0.        ] -8.056263205945239
6.860000000000008 [-0.38427331 -0.35815986  0.        ]   [0.38427331 0.35815986 0.        ] -8.057290716404601
6.930000000000009 [-0.37132423 -0.37881652  0.        ]   [0.37132423 0.37881652 0.        ] -8.060844317031075
7.000000000000009 [-0.35987097 -0.40099917  0.        ]   [0.35987097 0.40099917 0.        ] -8.064309889794451
7.070000000000009 [-0.34914606 -0.42399341  0.        ]   [0.34914606 0.42399341 0.        ] -8.06582963331248
7.1400000000000095 [-0.33839526 -0.44695621  0.        ]   [0.33839526 0.44695621 0.        ] -8.065313350577485
7.21000000000001 [-0.32699721 -0.46906411  0.        ]   [0.32699721 0.46906411 0.        ] -8.063666388206878
7.28000000000001 [-0.31450574 -0.48960355  0.        ]   [0.31450574 0.48960355 0.        ] -8.061800959535761
7.35000000000001 [-0.30064105 -0.50800525  0.        ]   [0.30064105 0.50800525 0.        ] -8.060238692927769
7.420000000000011 [-0.28525921 -0.52384336  0.        ]   [0.28525921 0.52384336 0.        ] -8.059157364725436
7.490000000000011 [-0.26831905 -0.53681979  0.        ]   [0.26831905 0.53681979 0.        ] -8.058559460258001
7.560000000000011 [-0.24985499 -0.5467474   0.        ]   [0.24985499 0.5467474  0.        ] -8.058404394999155
7.630000000000011 [-0.2299582  -0.55353984  0.        ]   [0.2299582  0.55353984 0.        ] -8.05867662801357
7.700000000000012 [-0.208765   -0.55721163  0.        ]   [0.208765   0.55721163 0.        ] -8.059402056727691
7.770000000000012 [-0.18645038 -0.55789026  0.        ]   [0.18645038 0.55789026 0.        ] -8.060618835492496
7.840000000000012 [-0.16322389 -0.55584043  0.        ]   [0.16322389 0.55584043 0.        ] -8.062292604802906
7.910000000000013 [-0.13932403 -0.5514975   0.        ]   [0.13932403 0.5514975  0.        ] -8.06416805848183
7.980000000000013 [-0.11500663 -0.54550182  0.        ]   [0.11500663 0.54550182 0.        ] -8.065610050595831
8.050000000000013 [-0.09052246 -0.53871505  0.        ]   [0.09052246 0.53871505 0.        ] -8.065642047697612
8.120000000000013 [-0.06608188 -0.53218775  0.        ]   [0.06608188 0.53218775 0.        ] -8.063514905586029
8.190000000000014 [-0.04181298 -0.52704307  0.        ]   [0.04181298 0.52704307 0.        ] -8.059771481048552
8.260000000000014 [-0.01773189 -0.52426562  0.        ]   [0.01773189 0.52426562 0.        ] -8.056673745389315
8.330000000000014 [ 0.00624916 -0.52444622  0.        ]   [-0.00624916  0.52444622  0.        ] -8.056603500715507
8.400000000000015 [ 0.03026561 -0.5275983   0.        ]   [-0.03026561  0.5275983   0.        ] -8.059618598237984
8.470000000000015 [ 0.0544199  -0.53315318  0.        ]   [-0.0544199   0.53315318  0.        ] -8.063388258031562
8.540000000000015 [ 0.07872004 -0.54013692  0.        ]   [-0.07872004  0.54013692  0.        ] -8.065601210444669
8.610000000000015 [ 0.10306453 -0.547425    0.        ]   [-0.10306453  0.547425    0.        ] -8.065644806418035
8.680000000000016 [ 0.12726671 -0.55395722  0.        ]   [-0.12726671  0.55395722  0.        ] -8.064238614698715
8.750000000000016 [ 0.15109421 -0.55885856  0.        ]   [-0.15109421  0.55885856  0.        ] -8.062365380949403
8.820000000000016 [ 0.17430398 -0.56147505  0.        ]   [-0.17430398  0.56147505  0.        ] -8.060676801992564
8.890000000000017 [ 0.1966655  -0.56135915  0.        ]   [-0.1966655   0.56135915  0.        ] -8.059440495159002
8.960000000000017 [ 0.21797346 -0.55823595  0.        ]   [-0.21797346  0.55823595  0.        ] -8.058696330629184
9.030000000000017 [ 0.23805409 -0.55196956  0.        ]   [-0.23805409  0.55196956  0.        ] -8.058406987059133
9.100000000000017 [ 0.25676989 -0.54253856  0.        ]   [-0.25676989  0.54253856  0.        ] -8.05854521885861
9.170000000000018 [ 0.27402609 -0.53002352  0.        ]   [-0.27402609  0.53002352  0.        ] -8.059124950058662
9.240000000000018 [ 0.28978205 -0.51460668  0.        ]   [-0.28978205  0.51460668  0.        ] -8.06018667998408
9.310000000000018 [ 0.3040696  -0.49658221  0.        ]   [-0.3040696   0.49658221  0.        ] -8.061731686504215
9.380000000000019 [ 0.31701955 -0.47637327  0.        ]   [-0.31701955  0.47637327  0.        ] -8.063592310006749
9.450000000000019 [ 0.32889434 -0.45454873  0.        ]   [-0.32889434  0.45454873  0.        ] -8.065263012502088
9.52000000000002 [ 0.34011888 -0.4318255   0.        ]   [-0.34011888  0.4318255   0.        ] -8.065843496941323
9.59000000000002 [ 0.35129137 -0.40903619  0.        ]   [-0.35129137  0.40903619  0.        ] -8.064412484392143
9.66000000000002 [ 0.36314541 -0.38704047  0.        ]   [-0.36314541  0.38704047  0.        ] -8.060999868338442
9.73000000000002 [ 0.37643653 -0.36657638  0.        ]   [-0.37643653  0.36657638  0.        ] -8.057397576799051
9.80000000000002 [ 0.39175766 -0.34808913  0.        ]   [-0.39175766  0.34808913  0.        ] -8.05623578749523
9.87000000000002 [ 0.40934654 -0.33161685  0.        ]   [-0.40934654  0.33161685  0.        ] -8.058464649321564
9.94000000000002 [ 0.42898425 -0.31680436  0.        ]   [-0.42898425  0.31680436  0.        ] -8.062300924820722
10.010000000000021 [ 0.45004344 -0.30304162  0.        ]   [-0.45004344  0.30304162  0.        ] -8.06515230112306
10.080000000000021 [ 0.47165143 -0.28964842  0.        ]   [-0.47165143  0.28964842  0.        ] -8.065834506750678
10.150000000000022 [ 0.49287707 -0.27602042  0.        ]   [-0.49287707  0.27602042  0.        ] -8.064768550608497
10.220000000000022 [ 0.51286901 -0.26170152  0.        ]   [-0.51286901  0.26170152  0.        ] -8.062950665224987
10.290000000000022 [ 0.53092494 -0.24639473  0.        ]   [-0.53092494  0.24639473  0.        ] -8.061160370414749
10.360000000000023 [ 0.54650739 -0.22994004  0.        ]   [-0.54650739  0.22994004  0.        ] -8.059771813629633
10.430000000000023 [ 0.55923128 -0.21228263  0.        ]   [-0.55923128  0.21228263  0.        ] -8.058877151333196
10.500000000000023 [ 0.56884282 -0.19344378  0.        ]   [-0.56884282  0.19344378  0.        ] -8.058450674663273
10.570000000000023 [ 0.57520177 -0.17349882  0.        ]   [-0.57520177  0.17349882  0.        ] -8.058456354769913
10.640000000000024 [ 0.57827291 -0.15256217  0.        ]   [-0.57827291  0.15256217  0.        ] -8.058894775004628
10.710000000000024 [ 0.57812942 -0.13077742  0.        ]   [-0.57812942  0.13077742  0.        ] -8.059802534554855
10.780000000000024 [ 0.57496885 -0.10831018  0.        ]   [-0.57496885  0.10831018  0.        ] -8.06120389081566
10.850000000000025 [ 0.56914066 -0.08534043  0.        ]   [-0.56914066  0.08534043  0.        ] -8.063001446056255
10.920000000000025 [ 0.56118034 -0.06205097  0.        ]   [-0.56118034  0.06205097  0.        ] -8.064811195502722
10.990000000000025 [ 0.55183771 -0.03860867  0.        ]   [-0.55183771  0.03860867  0.        ] -8.065843146056862
11.060000000000025 [ 0.54207566 -0.01513702  0.        ]   [-0.54207566  0.01513702  0.        ] -8.065103268493106
11.130000000000026 [0.53300546 0.0083153  0.        ]   [-0.53300546 -0.0083153   0.        ] -8.062201544267664
11.200000000000026 [0.52572958 0.03179562 0.        ]   [-0.52572958 -0.03179562  0.        ] -8.058371843965917
11.270000000000026 [0.52110331 0.05543619 0.        ]   [-0.52110331 -0.05543619  0.        ] -8.056220396834645
11.340000000000027 [0.51949619 0.07939794 0.        ]   [-0.51949619 -0.07939794  0.        ] -8.057472468909838
11.410000000000027 [0.52067683 0.10378576 0.        ]   [-0.52067683 -0.10378576  0.        ] -8.061105286282636
11.480000000000027 [0.52389255 0.12857924 0.        ]   [-0.52389255 -0.12857924  0.        ] -8.064480276067977
11.550000000000027 [0.52809487 0.15361485 0.        ]   [-0.52809487 -0.15361485  0.        ] -8.065851064958016
11.620000000000028 [0.53218821 0.17861876 0.        ]   [-0.53218821 -0.17861876  0.        ] -8.0652278616646
11.690000000000028 [0.53520629 0.20326178 0.        ]   [-0.53520629 -0.20326178  0.        ] -8.063541854402231
11.760000000000028 [0.5363921  0.22720894 0.        ]   [-0.5363921  -0.22720894  0.        ] -8.061684935371101
11.830000000000028 [0.53520657 0.25015163 0.        ]   [-0.53520657 -0.25015163  0.        ] -8.060151788258727
11.900000000000029 [0.53130153 0.27182324 0.        ]   [-0.53130153 -0.27182324  0.        ] -8.059103360242615
11.970000000000029 [0.52448349 0.29200451 0.        ]   [-0.52448349 -0.29200451  0.        ] -8.058535932969642
12.04000000000003 [0.51468231 0.31052492 0.        ]   [-0.51468231 -0.31052492  0.        ] -8.058409122002065
12.11000000000003 [0.50193069 0.32726523 0.        ]   [-0.50193069 -0.32726523  0.        ] -8.058710114189324
12.18000000000003 [0.48635538 0.34216447 0.        ]   [-0.48635538 -0.34216447  0.        ] -8.059467044513738
12.25000000000003 [0.46817946 0.3552341  0.        ]   [-0.46817946 -0.3552341   0.        ] -8.060716592737407
12.32000000000003 [0.44773299 0.36658094 0.        ]   [-0.44773299 -0.36658094  0.        ] -8.062415009610636
12.39000000000003 [0.42546742 0.37643839 0.        ]   [-0.42546742 -0.37643839  0.        ] -8.06428616152058
12.460000000000031 [0.40196466 0.38520122 0.        ]   [-0.40196466 -0.38520122  0.        ] -8.065667125455143
12.530000000000031 [0.37792598 0.39345048 0.        ]   [-0.37792598 -0.39345048  0.        ] -8.065571452585985
12.600000000000032 [0.35412132 0.40194337 0.        ]   [-0.35412132 -0.40194337  0.        ] -8.063300699877072
12.670000000000032 [0.33128537 0.41153579 0.        ]   [-0.33128537 -0.41153579  0.        ] -8.059515392266743
12.740000000000032 [0.30997203 0.42301967 0.        ]   [-0.30997203 -0.42301967  0.        ] -8.05655871362962
12.810000000000032 [0.29041966 0.43690674 0.        ]   [-0.29041966 -0.43690674  0.        ] -8.056724342199288
12.880000000000033 [0.27250094 0.45325146 0.        ]   [-0.27250094 -0.45325146  0.        ] -8.059875887088237
12.950000000000033 [0.25579438 0.47161237 0.        ]   [-0.25579438 -0.47161237  0.        ] -8.063599358654175
13.020000000000033 [0.23973807 0.49117218 0.        ]   [-0.23973807 -0.49117218  0.        ] -8.0656677781723
13.090000000000034 [0.22378395 0.51094133 0.        ]   [-0.22378395 -0.51094133  0.        ] -8.065585182924464
13.160000000000034 [0.20749482 0.52994561 0.        ]   [-0.20749482 -0.52994561  0.        ] -8.064119776960997
13.230000000000034 [0.1905765  0.54734291 0.        ]   [-0.1905765  -0.54734291  0.        ] -8.062243376990747
13.300000000000034 [0.17286723 0.56246857 0.        ]   [-0.17286723 -0.56246857  0.        ] -8.06057988035632
13.370000000000035 [0.15430972 0.57483426 0.        ]   [-0.15430972 -0.57483426  0.        ] -8.059376385828884
13.440000000000035 [0.13492182 0.58410659 0.        ]   [-0.13492182 -0.58410659  0.        ] -8.05866364389847
13.510000000000035 [0.11477265 0.59008323 0.        ]   [-0.11477265 -0.59008323  0.        ] -8.058403008365966
13.580000000000036 [0.0939653  0.59267592 0.        ]   [-0.0939653  -0.59267592  0.        ] -8.058569522630034
13.650000000000036 [0.07262461 0.59190468 0.        ]   [-0.07262461 -0.59190468  0.        ] -8.05917981213766
13.720000000000036 [0.05088779 0.58790485 0.        ]   [-0.05088779 -0.58790485  0.        ] -8.060274460662681
13.790000000000036 [0.0288949  0.58094671 0.        ]   [-0.0288949  -0.58094671  0.        ] -8.061848309072973
13.860000000000037 [0.00677651 0.57146509 0.        ]   [-0.00677651 -0.57146509  0.        ] -8.063716549495192
13.930000000000037 [-0.01536433  0.5600913   0.        ]   [ 0.01536433 -0.5600913   0.        ] -8.065346555387956
14.000000000000037 [-0.03747645  0.54767093  0.        ]   [ 0.03747645 -0.54767093  0.        ] -8.06581834720996
14.070000000000038 [-0.05958782  0.53523942  0.        ]   [ 0.05958782 -0.53523942  0.        ] -8.064238328416595
14.140000000000038 [-0.08182317  0.52392162  0.        ]   [ 0.08182317 -0.52392162  0.        ] -8.060738491189298
14.210000000000038 [-0.10439203  0.51473933  0.        ]   [ 0.10439203 -0.51473933  0.        ] -8.057220502617266
14.280000000000038 [-0.12753032  0.50836477  0.        ]   [ 0.12753032 -0.50836477  0.        ] -8.056285045971578
14.350000000000039 [-0.15140476  0.50492468  0.        ]   [ 0.15140476 -0.50492468  0.        ] -8.058699103443196
14.420000000000039 [-0.17602357  0.50396702  0.        ]   [ 0.17602357 -0.50396702  0.        ] -8.062543050208191
14.49000000000004 [-0.20120245  0.50461285  0.        ]   [ 0.20120245 -0.50461285  0.        ] -8.065266406843463
14.56000000000004 [-0.22659844  0.50580322  0.        ]   [ 0.22659844 -0.50580322  0.        ] -8.065807696537957
14.63000000000004 [-0.25178264  0.50652082  0.        ]   [ 0.25178264 -0.50652082  0.        ] -8.064660937086986
14.70000000000004 [-0.27631215  0.50592138  0.        ]   [ 0.27631215 -0.50592138  0.        ] -8.06282534582478
14.77000000000004 [-0.29977938  0.5033769   0.        ]   [ 0.29977938 -0.5033769   0.        ] -8.061054091717144
14.84000000000004 [-0.32183604  0.49846388  0.        ]   [ 0.32183604 -0.49846388  0.        ] -8.059697408249308
14.910000000000041 [-0.34220007  0.49092927  0.        ]   [ 0.34220007 -0.49092927  0.        ] -8.05883501697084
14.980000000000041 [-0.3606544   0.48065496  0.        ]   [ 0.3606544  -0.48065496  0.        ] -8.058437946215198
15.050000000000042 [-0.37704491  0.46763014  0.        ]   [ 0.37704491 -0.46763014  0.        ] -8.058471714741039
15.120000000000042 [-0.39128231  0.45193492  0.        ]   [ 0.39128231 -0.45193492  0.        ] -8.05893978672206
15.190000000000042 [-0.40335097  0.43373478  0.        ]   [ 0.40335097 -0.43373478  0.        ] -8.059880025159103
15.260000000000042 [-0.41332683  0.4132842   0.        ]   [ 0.41332683 -0.4132842   0.        ] -8.061312762367955
15.330000000000043 [-0.42140505  0.39093617  0.        ]   [ 0.42140505 -0.39093617  0.        ] -8.063127113706578
15.400000000000043 [-0.42793496  0.36715178  0.        ]   [ 0.42793496 -0.36715178  0.        ] -8.064914271325271
15.470000000000043 [-0.43345344  0.34249963  0.        ]   [ 0.43345344 -0.34249963  0.        ] -8.065858891752761
15.540000000000044 [-0.43869721  0.3176304   0.        ]   [ 0.43869721 -0.3176304   0.        ] -8.064974969359564
15.610000000000044 [-0.44456264  0.29321127  0.        ]   [ 0.44456264 -0.29321127  0.        ] -8.061952659258473
15.680000000000044 [-0.45198215  0.26981714  0.        ]   [ 0.45198215 -0.26981714  0.        ] -8.058147908995068
15.750000000000044 [-0.4617171   0.24780525  0.        ]   [ 0.4617171  -0.24780525  0.        ] -8.056193645890211
15.820000000000045 [-0.4741312   0.22723127  0.        ]   [ 0.4741312  -0.22723127  0.        ] -8.057665285247102
15.890000000000045 [-0.48905715  0.2078611   0.        ]   [ 0.48905715 -0.2078611   0.        ] -8.061364690151377
15.960000000000045 [-0.5058348   0.18927796  0.        ]   [ 0.5058348  -0.18927796  0.        ] -8.064641176868795
16.030000000000044 [-0.52349373  0.17102458  0.        ]   [ 0.52349373 -0.17102458  0.        ] -8.065863458723951
16.100000000000044 [-0.54097612  0.15271353  0.        ]   [ 0.54097612 -0.15271353  0.        ] -8.06513778132237
16.170000000000044 [-0.55730818  0.13407775  0.        ]   [ 0.55730818 -0.13407775  0.        ] -8.063416738317198
16.240000000000045 [-0.57168892  0.11497251  0.        ]   [ 0.57168892 -0.11497251  0.        ] -8.061570449739108
16.310000000000045 [-0.58351188  0.09535289  0.        ]   [ 0.58351188 -0.09535289  0.        ] -8.060067057600325
16.380000000000045 [-0.59235022  0.07524553  0.        ]   [ 0.59235022 -0.07524553  0.        ] -8.059051466795673
16.450000000000045 [-0.59792953  0.05472419  0.        ]   [ 0.59792953 -0.05472419  0.        ] -8.058514317959231
16.520000000000046 [-0.60010338  0.03389117  0.        ]   [ 0.60010338 -0.03389117  0.        ] -8.058415700761667
16.590000000000046 [-0.59883849  0.01286395  0.        ]   [ 0.59883849 -0.01286395  0.        ] -8.05874558610963
16.660000000000046 [-0.59421238 -0.00823548  0.        ]   [0.59421238 0.00823548 0.        ] -8.059534209734107
16.730000000000047 [-0.58642405 -0.02929109  0.        ]   [0.58642405 0.02929109 0.        ] -8.060816393405114
16.800000000000047 [-0.57581646 -0.05020587  0.        ]   [0.57581646 0.05020587 0.        ] -8.062538318002394
16.870000000000047 [-0.56290632 -0.07091989  0.        ]   [0.56290632 0.07091989 0.        ] -8.064402269483933
16.940000000000047 [-0.54841052 -0.09143414  0.        ]   [0.54841052 0.09143414 0.        ] -8.065717679214123
17.010000000000048 [-0.53324862 -0.11183733  0.        ]   [0.53324862 0.11183733 0.        ] -8.065490834157217
17.080000000000048 [-0.51849068 -0.13232524  0.        ]   [0.51849068 0.13232524 0.        ] -8.063079142260715
17.15000000000005 [-0.50522186 -0.1531932   0.        ]   [0.50522186 0.1531932  0.        ] -8.059262883929227
17.22000000000005 [-0.49432618 -0.17478073  0.        ]   [0.49432618 0.17478073 0.        ] -8.056458362512565
17.29000000000005 [-0.4862554  -0.19736708  0.        ]   [0.4862554  0.19736708 0.        ] -8.056859197356927
17.36000000000005 [-0.48089756 -0.22105459  0.        ]   [0.48089756 0.22105459 0.        ] -8.060135532389994
17.43000000000005 [-0.47762641 -0.24570129  0.        ]   [0.47762641 0.24570129 0.        ] -8.063802481498055
17.50000000000005 [-0.47550314 -0.27093848  0.        ]   [0.47550314 0.27093848 0.        ] -8.065724471302136
17.57000000000005 [-0.47351773 -0.29625423  0.        ]   [0.47351773 0.29625423 0.        ] -8.065519480452581
17.64000000000005 [-0.47076927 -0.32109257  0.        ]   [0.47076927 0.32109257 0.        ] -8.06399929702272
17.71000000000005 [-0.46655258 -0.3449295   0.        ]   [0.46655258 0.3449295  0.        ] -8.062122447000037
17.78000000000005 [-0.46037142 -0.36731406  0.        ]   [0.46037142 0.36731406 0.        ] -8.060485044519638
17.85000000000005 [-0.45191321 -0.38788185  0.        ]   [0.45191321 0.38788185 0.        ] -8.059314441807919
17.92000000000005 [-0.44101264 -0.40635333  0.        ]   [0.44101264 0.40635333 0.        ] -8.058632924399467
17.99000000000005 [-0.42761891 -0.42252759  0.        ]   [0.42761891 0.42252759 0.        ] -8.058400878360825
18.060000000000052 [-0.41177259 -0.43627846  0.        ]   [0.41177259 0.43627846 0.        ] -8.058595753714044
18.130000000000052 [-0.39359297 -0.44755717  0.        ]   [0.39359297 0.44755717 0.        ] -8.059236803141223
18.200000000000053 [-0.37327478 -0.4564041   0.        ]   [0.37327478 0.4564041  0.        ] -8.06036439691164
18.270000000000053 [-0.3510919  -0.46297107  0.        ]   [0.3510919  0.46297107 0.        ] -8.061966348047212
18.340000000000053 [-0.32740389 -0.46755328  0.        ]   [0.32740389 0.46755328 0.        ] -8.063839911050183
18.410000000000053 [-0.30265873 -0.47062582  0.        ]   [0.30265873 0.47062582 0.        ] -8.065425066348652
18.480000000000054 [-0.27738143 -0.47287087  0.        ]   [0.27738143 0.47287087 0.        ] -8.065783862059721
18.550000000000054 [-0.2521356 -0.4751696  0.       ]   [0.2521356 0.4751696 0.       ] -8.064055041746506
18.620000000000054 [-0.22744978 -0.4785237   0.        ]   [0.22744978 0.4785237  0.        ] -8.060476675452922
18.690000000000055 [-0.20371743 -0.48388377  0.        ]   [0.20371743 0.48388377 0.        ] -8.057055474076297
18.760000000000055 [-0.18110794 -0.49191095  0.        ]   [0.18110794 0.49191095 0.        ] -8.056350097826602
18.830000000000055 [-0.15953996 -0.50276699  0.        ]   [0.15953996 0.50276699 0.        ] -8.058940021306269
18.900000000000055 [-0.13874157 -0.51604829  0.        ]   [0.13874157 0.51604829 0.        ] -8.062779608728773
18.970000000000056 [-0.11836612 -0.53090268  0.        ]   [0.11836612 0.53090268 0.        ] -8.065370364105695
19.040000000000056 [-0.09810184 -0.54625573  0.        ]   [0.09810184 0.54625573 0.        ] -8.06577335646305
19.110000000000056 [-0.07773386 -0.5610313   0.        ]   [0.07773386 0.5610313  0.        ] -8.064550436702934
19.180000000000057 [-0.05715635 -0.57429467  0.        ]   [0.05715635 0.57429467 0.        ] -8.062700466182749
19.250000000000057 [-0.03635521 -0.5853111   0.        ]   [0.03635521 0.5853111  0.        ] -8.060949721785812
19.320000000000057 [-0.01538137 -0.59354701  0.        ]   [0.01538137 0.59354701 0.        ] -8.059625197902687
19.390000000000057 [ 0.00567379 -0.59864482  0.        ]   [-0.00567379  0.59864482  0.        ] -8.058794914212285
19.460000000000058 [ 0.02669721 -0.60039313  0.        ]   [-0.02669721  0.60039313  0.        ] -8.058427083804308
19.530000000000058 [ 0.04756775 -0.59870345  0.        ]   [-0.04756775  0.59870345  0.        ] -8.058488957086649
19.60000000000006 [ 0.06816695 -0.59359853  0.        ]   [-0.06816695  0.59359853  0.        ] -8.058986864146952
19.67000000000006 [ 0.08838949 -0.58521368  0.        ]   [-0.08838949  0.58521368  0.        ] -8.059959711261005
19.74000000000006 [ 0.10815618 -0.57381069  0.        ]   [-0.10815618  0.57381069  0.        ] -8.061423409934365
19.81000000000006 [ 0.1274317  -0.55980187  0.        ]   [-0.1274317   0.55980187  0.        ] -8.063252825686392
19.88000000000006 [ 0.14624842 -0.54377755  0.        ]   [-0.14624842  0.54377755  0.        ] -8.065013763802602
19.95000000000006 [ 0.16473434 -0.52652329  0.        ]   [-0.16473434  0.52652329  0.        ] -8.065866424652222
20.02000000000006 [ 0.18313689 -0.50900254  0.        ]   [-0.18313689  0.50900254  0.        ] -8.064836654925529
20.09000000000006 [ 0.20182478 -0.49227485  0.        ]   [-0.20182478  0.49227485  0.        ] -8.061699763775472
20.16000000000006 [ 0.22124391 -0.47733074  0.        ]   [-0.22124391  0.47733074  0.        ] -8.057932466920525
20.23000000000006 [ 0.24181385 -0.4648695   0.        ]   [-0.24181385  0.4648695   0.        ] -8.056183062890506
20.30000000000006 [ 0.26378779 -0.45510733  0.        ]   [-0.26378779  0.45510733  0.        ] -8.057868422320452
20.37000000000006 [ 0.28713996 -0.447723    0.        ]   [-0.28713996  0.447723    0.        ] -8.061621755800623
20.44000000000006 [ 0.31154354 -0.44197808  0.        ]   [-0.31154354  0.44197808  0.        ] -8.06479238752503
20.510000000000062 [ 0.33644595 -0.43694085  0.        ]   [-0.33644595  0.43694085  0.        ] -8.065867047312809
20.580000000000062 [ 0.36119132 -0.43169966  0.        ]   [-0.36119132  0.43169966  0.        ] -8.065043419476455
20.650000000000063 [ 0.38513108 -0.42549559  0.        ]   [-0.38513108  0.42549559  0.        ] -8.063291239752392
20.720000000000063 [ 0.40769305 -0.41776933  0.        ]   [-0.40769305  0.41776933  0.        ] -8.061457581649123
20.790000000000063 [ 0.4284099  -0.40815235  0.        ]   [-0.4284099   0.40815235  0.        ] -8.059984510507597
20.860000000000063 [ 0.44692148 -0.39643438  0.        ]   [-0.44692148  0.39643438  0.        ] -8.059001671046829
20.930000000000064 [ 0.46296601 -0.38252805  0.        ]   [-0.46296601  0.38252805  0.        ] -8.05849460533189
21.000000000000064 [ 0.47637053 -0.3664404   0.        ]   [-0.47637053  0.3664404   0.        ] -8.05842413456454
21.070000000000064 [ 0.48704674 -0.34825405  0.        ]   [-0.48704674  0.34825405  0.        ] -8.058783057375416
21.140000000000065 [ 0.49499578 -0.32811767  0.        ]   [-0.49499578  0.32811767  0.        ] -8.059603559478346
21.210000000000065 [ 0.50032367 -0.30624382  0.        ]   [-0.50032367  0.30624382  0.        ] -8.060918202156524
21.280000000000065 [ 0.50326798 -0.282911    0.        ]   [-0.50326798  0.282911    0.        ] -8.062662399137665
21.350000000000065 [ 0.50423296 -0.2584655   0.        ]   [-0.50423296  0.2584655   0.        ] -8.064516121379013
21.420000000000066 [ 0.50382435 -0.23331591  0.        ]   [-0.50382435  0.23331591  0.        ] -8.065761400780934
21.490000000000066 [ 0.50286441 -0.20791101  0.        ]   [-0.50286441  0.20791101  0.        ] -8.065400119713848
21.560000000000066 [ 0.50235536 -0.18269252  0.        ]   [-0.50235536  0.18269252  0.        ] -8.06285072721555
21.630000000000067 [ 0.50335701 -0.15802344  0.        ]   [-0.50335701  0.15802344  0.        ] -8.05901483178256
21.700000000000067 [ 0.50677214 -0.13411204  0.        ]   [-0.50677214  0.13411204  0.        ] -8.056373098528612
21.770000000000067 [ 0.51309771 -0.11097087  0.        ]   [-0.51309771  0.11097087  0.        ] -8.057007526802305
21.840000000000067 [ 0.52225989 -0.08844318  0.        ]   [-0.52225989  0.08844318  0.        ] -8.060396672422021
21.910000000000068 [ 0.53362963 -0.06628933  0.        ]   [-0.53362963  0.06628933  0.        ] -8.063997230335197
21.980000000000068 [ 0.54620739 -0.04428555  0.        ]   [-0.54620739  0.04428555  0.        ] -8.06577142655624
22.050000000000068 [ 0.55886962 -0.02228862  0.        ]   [-0.55886962  0.02228862  0.        ] -8.065448015822914
22.12000000000007 [ 5.70568267e-01 -2.53262558e-04  0.00000000e+00]   [-5.70568267e-01  2.53262558e-04  0.00000000e+00] -8.063877416054575
22.19000000000007 [0.58043917 0.02178291 0.        ]   [-0.58043917 -0.02178291  0.        ] -8.062002703040308
22.26000000000007 [0.58783197 0.04372608 0.        ]   [-0.58783197 -0.04372608  0.        ] -8.060392319812543
22.33000000000007 [0.59229496 0.06545132 0.        ]   [-0.59229496 -0.06545132  0.        ] -8.05925465312232
22.40000000000007 [0.59354368 0.08682136 0.        ]   [-0.59354368 -0.08682136  0.        ] -8.058604159460499
22.47000000000007 [0.59143086 0.1076997  0.        ]   [-0.59143086 -0.1076997   0.        ] -8.058400595971296
22.54000000000007 [0.58592586 0.12796031 0.        ]   [-0.58592586 -0.12796031  0.        ] -8.058623923562761
22.61000000000007 [0.57710659 0.14749712 0.        ]   [-0.57710659 -0.14749712  0.        ] -8.05929593504144
22.68000000000007 [0.56516436 0.16623577 0.        ]   [-0.56516436 -0.16623577  0.        ] -8.060456471734838
22.75000000000007 [0.55042013 0.18415024 0.        ]   [-0.55042013 -0.18415024  0.        ] -8.062085708197005
22.82000000000007 [0.53334832 0.20128599 0.        ]   [-0.53334832 -0.20128599  0.        ] -8.063962173517872
22.89000000000007 [0.51459921 0.21778873 0.        ]   [-0.51459921 -0.21778873  0.        ] -8.06549822925359
22.960000000000072 [0.49500302 0.23393296 0.        ]   [-0.49500302 -0.23393296  0.        ] -8.065739852891157
23.030000000000072 [0.47552981 0.25013532 0.        ]   [-0.47552981 -0.25013532  0.        ] -8.06386292575705
23.100000000000072 [0.45717921 0.26692818 0.        ]   [-0.45717921 -0.26692818  0.        ] -8.06021524863039
23.170000000000073 [0.44079683 0.28487021 0.        ]   [-0.44079683 -0.28487021  0.        ] -8.056903140715523
23.240000000000073 [0.42686714 0.30439731 0.        ]   [-0.42686714 -0.30439731  0.        ] -8.056430677361513
23.310000000000073 [0.4153808  0.32566677 0.        ]   [-0.4153808  -0.32566677  0.        ] -8.059186536390158
23.380000000000074 [0.40585815 0.34847578 0.        ]   [-0.40585815 -0.34847578  0.        ] -8.063010015381899
23.450000000000074 [0.39751795 0.37230008 0.        ]   [-0.39751795 -0.37230008  0.        ] -8.06546417511425
23.520000000000074 [0.38949578 0.39642222 0.        ]   [-0.38949578 -0.39642222  0.        ] -8.065731785053867
23.590000000000074 [0.38101478 0.42007738 0.        ]   [-0.38101478 -0.42007738  0.        ] -8.064437327822839
23.660000000000075 [0.37147123 0.44256105 0.        ]   [-0.37147123 -0.44256105  0.        ] -8.062576176163907
23.730000000000075 [0.36044967 0.46328385 0.        ]   [-0.36044967 -0.46328385  0.        ] -8.060847306874175
23.800000000000075 [0.34769996 0.48178548 0.        ]   [-0.34769996 -0.48178548  0.        ] -8.05955517911362
23.870000000000076 [0.33310268 0.49772704 0.        ]   [-0.33310268 -0.49772704  0.        ] -8.058756828951527
23.940000000000076 [0.31663706 0.51087691 0.        ]   [-0.31663706 -0.51087691  0.        ] -8.058418082085302
24.010000000000076 [0.2983573  0.52109977 0.        ]   [-0.2983573  -0.52109977  0.        ] -8.058508089985546
24.080000000000076 [0.27837762 0.5283536  0.        ]   [-0.27837762 -0.5283536   0.        ] -8.059036021312401
24.150000000000077 [0.25686477 0.5326975  0.        ]   [-0.25686477 -0.5326975   0.        ] -8.060041589315286
24.220000000000077 [0.23403548 0.53431132 0.        ]   [-0.23403548 -0.53431132  0.        ] -8.061535768719448
24.290000000000077 [0.21015536 0.53352607 0.        ]   [-0.21015536 -0.53352607  0.        ] -8.063378402670482
24.360000000000078 [0.18553449 0.53086024 0.        ]   [-0.18553449 -0.53086024  0.        ] -8.065109373318744
24.430000000000078 [0.16051316 0.52704861 0.        ]   [-0.16051316 -0.52704861  0.        ] -8.065865479118827
24.500000000000078 [0.13543132 0.5230383  0.        ]   [-0.13543132 -0.5230383   0.        ] -8.064688441578507
24.57000000000008 [0.11057959 0.51991667 0.        ]   [-0.11057959 -0.51991667  0.        ] -8.061443563037807
24.64000000000008 [0.08614236 0.51874392 0.        ]   [-0.08614236 -0.51874392  0.        ] -8.05772632793014
24.71000000000008 [0.06215961 0.52030802 0.        ]   [-0.06215961 -0.52030802  0.        ] -8.056188691299639
24.78000000000008 [0.03853765 0.52489211 0.        ]   [-0.03853765 -0.52489211  0.        ] -8.058081105123822
24.85000000000008 [0.01511406 0.53217801 0.        ]   [-0.01511406 -0.53217801  0.        ] -8.061875738079452
24.92000000000008 [-0.0082561   0.54134512  0.        ]   [ 0.0082561  -0.54134512  0.        ] -8.064933742309021
24.99000000000008 [-0.03163832  0.55130268  0.        ]   [ 0.03163832 -0.55130268  0.        ] -8.065862078813225
